0,40675730 0,41942238 0,60364021
0,86640005 0,99025458 0,99902477
0,63996236 0,62240704 0,74078719
0,95178977 0,19311627 0,97780084
0,12622335 0,81808901 0,93604551
0,51009181 0,52403304 0,82866768
0,20303958 0,07952728 0,27830395
0,79769228 0,11768653 0,89033253
0,81316742 0,49418893 0,93074482
0,03445550 0,49857119 0,51459527
0,53261054 0,46297613 0,54209239
0,40755871 0,86461805 0,95687203
0,56338348 0,96388044 0,96918473
0,05912662 0,29143360 0,34313735
0,74168358 0,22280390 0,84945827
0,21445062 0,18857306 0,37246204
0,88536462 0,46721469 0,97267807
0,23383257 0,30893729 0,44012411
0,64738284 0,43968196 0,98051424
0,88571472 0,07930520 0,90481406
0,54109598 0,74393747 0,86867374
0,93334705 0,60235346 0,97674368
0,21772919 0,55879292 0,56277460
0,39027892 0,66831273 0,84597692
0,08663960 0,75472645 0,81843274
0,76679184 0,71957616 0,87512278
0,32775609 0,50084268 0,74181591
0,83224586 0,31790391 0,90793388
0,52715370 0,36968406 0,79083202
0,93628946 0,07701744 0,97945980
0,01743438 0,09437773 0,09839812
0,64096317 0,72089120 0,87356915
0,39258974 0,16407009 0,49302724
0,23875960 0,30934012 0,41036757
0,13235729 0,56363029 0,61837838
0,88841386 0,30885703 0,92238758
0,27566352 0,17317219 0,43160301
0,35719073 0,07124075 0,36464544
0,26036282 0,68990237 0,85083426
0,27918486 0,08041137 0,31899436
0,45279647 0,76387650 0,91074042
0,03400836 0,62584686 0,64412696
0,25324795 0,24203980 0,34492467
0,72643483 0,11808675 0,81723913
0,63157648 0,67991492 0,85331021
0,75919912 0,25839460 0,87069423
0,34245472 0,34283530 0,49963964
0,38919722 0,56349402 0,76076857
0,13488791 0,81092899 0,84662153
0,73964034 0,10170375 0,79051558
0,92108601 0,60323976 0,92744350
0,60201830 0,66508790 0,72470236
0,94221262 0,32240545 0,94657499
0,14362268 0,35156928 0,38440814
0,47183433 0,11504893 0,47271020
0,27734387 0,70136838 0,90505479
0,96270550 0,46420121 0,97094990
0,93584304 0,08553958 0,95469386
0,87138389 0,74527285 0,94756868
0,10423270 0,11457051 0,21428414
0,71249898 0,64979108 0,90436344
0,03318414 0,97765390 0,98313273
0,39657323 0,62168345 0,74555750
0,20388847 0,06587141 0,21332328
0,21029331 0,26653425 0,27127832
0,02038554 0,12456197 0,12879103
0,19608140 0,23907540 0,35528308
0,83316631 0,84287043 0,85971107
0,39064007 0,13917057 0,43478348
0,26725084 0,96505138 0,98197150
0,77362780 0,24956416 0,85553839
0,25162409 0,11357442 0,26408271
0,66342901 0,62442148 0,89152393
0,98532417 0,88535943 0,99669422
0,15465250 0,72778439 0,80799289
0,98585231 0,92834680 0,98750847
0,42093884 0,96398386 0,98624007
0,55200838 0,55674735 0,94409778
0,87816969 0,52314046 0,89856957
0,43673121 0,62225604 0,85698681
0,31041489 0,76637035 0,93133567
0,31388654 0,34966708 0,50275562
0,76896442 0,22630085 0,97317535
0,08092687 0,36498505 0,38213758
0,95048762 0,32496272 0,98708410
0,05854705 0,31045193 0,32082284
0,60252835 0,28591580 0,72363341
0,41735304 0,04394009 0,42275519
0,47384809 0,91030928 0,93525562
0,41550242 0,17181402 0,48351054
0,27610793 0,91407842 0,92717725
0,30248878 0,44842427 0,48417872
0,82644725 0,19911147 0,90630248
0,61182959 0,69753292 0,74237062
0,94396379 0,61533695 0,97827984
0,40535666 0,34871698 0,51012327
0,14508843 0,62050892 0,67998841
0,26695047 0,33457194 0,58593860
0,76341764 0,46410571 0,83240570
0,19362956 0,03362756 0,21898884
0,77063325 0,61218583 0,84557036
0,26350880 0,66245924 0,78094407
0,43048902 0,63911161 0,82139330
0,13674922 0,18356777 0,23103181
0,53314284 0,58448624 0,75609420
0,17758935 0,49012331 0,60396282
0,55990093 0,20105116 0,64301022
0,68010263 0,61341432 0,84634874
0,86812825 0,79013938 0,90184758
0,29156446 0,65447347 0,67181208
0,18396021 0,67092298 0,82566739
0,00621743 0,42040929 0,42353720
0,08968497 0,29036035 0,29456595
0,84664199 0,62286776 0,91758964
0,20829434 0,63153944 0,81239825
0,65460059 0,41707293 0,68819523
0,75663851 0,79500592 0,82808453
0,91972735 0,89321205 0,93169651
0,56965397 0,33350990 0,68222403
0,72125959 0,41757930 0,97689729
0,52192886 0,33512858 0,54730068
0,13050207 0,92078587 0,92171195
0,09196610 0,13952776 0,18017081
0,60210887 0,97827300 0,99868824
0,15331430 0,50068662 0,56634582
0,29965995 0,87999201 0,95950373
0,63154995 0,58708166 0,78379385
0,08137835 0,56898022 0,57766278
0,55507533 0,34433189 0,61565441
0,18803093 0,99207854 0,99900728
0,04088378 0,88975120 0,89124750
0,99680513 0,87149538 0,99953746
0,60575214 0,01411071 0,61004755
0,54886210 0,41648299 0,58101054
0,76253793 0,83103592 0,87634443
0,73780357 0,96510030 0,98561419
0,45604991 0,73357806 0,83907963
0,92181416 0,81380122 0,97882071
0,49086537 0,23220551 0,63433296
0,45097253 0,56619930 0,72385477
0,60389803 0,89723846 0,95272923
0,88727060 0,64248320 0,89593085
0,30876791 0,49694862 0,55909006
0,03921346 0,24013126 0,25732765
0,58025101 0,79239167 0,92032209
0,88334638 0,04921146 0,88702514
0,02033298 0,15063623 0,15954942
0,84639602 0,59794476 0,95946815
0,43957017 0,79537521 0,96775388
0,16552127 0,85451814 0,87158749
0,05736194 0,80080470 0,81829503
0,31892314 0,92940037 0,98996784
0,45302697 0,82085937 0,94779859
0,06011288 0,62054853 0,66210633
0,33878774 0,54800312 0,81934919
0,92871035 0,50568952 0,99243456
0,45032025 0,32726522 0,77045111
0,32784248 0,11698097 0,34134617
0,80670667 0,57243810 0,98515363
0,22900925 0,91133682 0,91170353
0,14760121 0,29953937 0,35055037
0,21253708 0,67396388 0,71197476
0,05122450 0,41188822 0,45641273
0,09516840 0,23447899 0,28915474
0,53435180 0,34243390 0,73620360
0,60254869 0,92753283 0,98123818
0,46854514 0,33015018 0,63666699
0,97683923 0,75818990 0,99214033
0,97116341 0,32310376 0,99011311
0,67876249 0,32332146 0,73788461
0,77270539 0,15281651 0,81779326
0,35629873 0,95274797 0,97366307
0,07321431 0,90124756 0,90511083
0,46310298 0,44848259 0,48275091
0,40108660 0,01847501 0,41531093
0,56947427 0,06971894 0,60561691
0,72084633 0,77818271 0,81917611
0,81523782 0,80958618 0,84699529
0,41731062 0,65845811 0,88547588
0,70192093 0,48345300 0,71878324
0,64899209 0,58315893 0,98384847
0,65271694 0,06586382 0,67863653
0,92235318 0,07706040 0,94050498
0,42141441 0,11407276 0,43517490
0,02130646 0,99587877 0,99931216
0,49107409 0,96251949 0,99415289
0,73568576 0,85668043 0,86160425
0,35198790 0,79825395 0,97238438
0,19270657 0,97860774 0,97867038
0,81545717 0,28792887 0,99388047
0,20298216 0,75863343 0,88732509
0,93115481 0,35007819 0,98351017
0,50562743 0,85942060 0,96713264
0,30414243 0,10140110 0,36109535
0,42540366 0,83041912 0,84075523
0,62272312 0,27396373 0,79685296
0,45065047 0,47004462 0,67835940
0,52682670 0,24477762 0,58989558
0,98770250 0,86401914 0,99655219
0,88202172 0,65515562 0,98551277
0,85126498 0,59742442 0,91819431
0,43688141 0,76149508 0,85175468
0,38836025 0,77733677 0,88695973
0,38852251 0,66048484 0,66892713
0,90537321 0,65754737 0,94462871
0,76679030 0,30084065 0,84728953
0,84470446 0,31218127 0,91142878
0,77275697 0,33308111 0,94125394
0,93275213 0,74323225 0,95213945
0,31978264 0,88297937 0,94580844
0,95942272 0,35723785 0,96056756
0,37008886 0,95945145 0,96513836
0,53803562 0,03449831 0,55333881
0,12821242 0,54193502 0,65694619
0,89212105 0,21325366 0,94751649
0,43331987 0,22581318 0,54038027
0,60288338 0,99079551 0,99588279
0,52052311 0,34905757 0,70790512
0,18054885 0,22020884 0,36707807
0,72926820 0,66279573 0,81839415
0,06885328 0,76879126 0,80658721
0,30367647 0,14861149 0,32452837
0,20084007 0,36253120 0,36621893
0,53137493 0,50360351 0,85511219
0,86409670 0,92757267 0,96777243
0,52671353 0,00997138 0,52799287
0,44459645 0,75845197 0,77672111
0,70105629 0,05045739 0,72995940
0,56234678 0,69503729 0,80967291
0,64365413 0,91751210 0,94049919
0,32286533 0,32338883 0,41016472
0,82493463 0,95760988 0,97099755
0,44177192 0,87491010 0,90767376
0,34023103 0,57963294 0,86444713
0,08304118 0,37478197 0,43022909
0,24324459 0,49645493 0,53692628
0,53411800 0,87323753 0,88311221
0,82899364 0,44245666 0,84414688
0,64444615 0,51709780 0,72495840
0,26662546 0,86923043 0,91600234
0,02116446 0,31637428 0,33330557
0,05110502 0,04159527 0,08750443
0,72182221 0,81075379 0,91098856
0,93417388 0,98253750 0,99302224
0,94587100 0,31939215 0,96696502
0,95069555 0,71697712 0,98388194
0,51319346 0,98750735 0,99209576
0,31504646 0,78037778 0,93188033
0,65969308 0,64450455 0,84816888
0,80892509 0,45108007 0,91322732
0,47953372 0,32739050 0,58672831
0,59906458 0,26863603 0,81776180
0,72539622 0,76351410 0,93703250
0,53994491 0,17001833 0,64266127
0,33840167 0,75856104 0,87019789
0,05868867 0,73891197 0,74649737
0,13630030 0,20645504 0,31520706
0,85973966 0,26978124 0,92903897
0,33218153 0,78148030 0,95297945
0,39539271 0,41933249 0,51241453
0,69823692 0,54051626 0,82942678
0,34136850 0,39652409 0,71566712
0,11379467 0,95261631 0,99523411
0,00788441 0,84345067 0,84625277
0,24960438 0,87899444 0,88805561
0,56641403 0,62016309 0,77668157
0,21872338 0,89041070 0,94155749
0,33777969 0,63556599 0,72931186
0,06775633 0,96944121 0,98064071
0,87248597 0,09462717 0,94919970
0,06191506 0,08753591 0,11425037
0,66025508 0,16177569 0,73558023
0,32656158 0,65333251 0,90021103
0,58041670 0,09597200 0,58543881
0,71161164 0,22850945 0,71784546
0,49286519 0,59079426 0,67665944
0,83032463 0,82650155 0,93296548
0,06232350 0,97116219 0,99023364
0,34937504 0,22052009 0,45745763
0,19512628 0,34705442 0,38628008
0,45335731 0,96024194 0,97978988
0,58300268 0,01568004 0,59326982
0,32655720 0,74786029 0,79431270
0,32463178 0,72082968 0,88008572
0,76234416 0,76740047 0,97952129
0,51215887 0,62721989 0,70270471
0,07218802 0,85664835 0,88901997
0,90237887 0,52609497 0,91708228
0,19024520 0,71594438 0,81057340
0,26376242 0,25557964 0,30106633
0,79573336 0,86656265 0,99077867
0,92064972 0,16656832 0,96343573
0,86583183 0,80440053 0,88247886
0,17136661 0,68546171 0,81052046
0,96039940 0,79009928 0,97911944
0,20120497 0,28385369 0,37676981
0,78205256 0,31922941 0,97300464
0,45450538 0,04924781 0,48931554
0,87863835 0,41740399 0,96940203
0,07971113 0,31883059 0,39360694
0,40927738 0,19360987 0,55835606
0,47133196 0,67091335 0,81353946
0,50123553 0,29601748 0,75197204
0,35423739 0,81841393 0,97445361
0,12607102 0,08027515 0,16016935
0,58644667 0,39009869 0,81286672
0,53483531 0,99991340 0,99998494
0,49132193 0,16453278 0,61943968
0,95049628 0,33795451 0,97484344
0,21040255 0,40695614 0,55733318
0,42998947 0,34099609 0,74028153
0,23252125 0,59065473 0,59345858
0,00905144 0,81163926 0,81729707
0,88866569 0,92374332 0,93952702
0,53278847 0,52876539 0,79556992
0,48752052 0,88340763 0,94423902
0,97819600 0,56130526 0,98022689
0,73284620 0,93823475 0,98370177
0,78786222 0,73014396 0,99743871
0,73679693 0,04282825 0,76000605
0,37502132 0,56188913 0,85099974
0,99580559 0,46687527 0,99604019
0,81901421 0,02150241 0,83709077
0,09749189 0,39449323 0,44036536
0,05897442 0,85922829 0,87630381
0,19478411 0,24220048 0,37521343
0,99597842 0,35870584 0,99985269
0,73056248 0,21026457 0,77631946
0,63564378 0,72233999 0,83868190
0,88298218 0,53940087 0,97101749
0,22176603 0,91854508 0,98859008
0,38544576 0,80160847 0,99270327
0,62646912 0,98182797 0,99063779
0,96006762 0,24100810 0,97880731
0,64479493 0,98620470 0,99122602
0,59038477 0,30042266 0,62780060
0,28483684 0,98736962 0,99537916
0,29587083 0,54653281 0,65198768
0,31347158 0,47845876 0,64032853
0,30222780 0,93703424 0,95483336
0,79937627 0,45415071 0,82881532
0,41906773 0,87548589 0,98355214
0,94812146 0,20107475 0,95380447
0,72892787 0,56350639 0,96134733
0,32937168 0,89877854 0,97022758
0,09394076 0,49756588 0,58221100
0,50614125 0,04144505 0,53151666
0,53113235 0,45261890 0,73614397
0,86505800 0,38961865 0,94715139
0,77334601 0,25289690 0,83994782
0,06097154 0,49375383 0,51224444
0,69616742 0,02886418 0,69688192
0,29716868 0,95466433 0,96822325
0,17480467 0,39805365 0,49290690
0,70396651 0,20402741 0,78379285
0,05838572 0,15752679 0,17731064
0,31545667 0,20196183 0,38955124
0,57917537 0,13021054 0,67336924
0,71046288 0,60620409 0,91450045
0,71425987 0,93139110 0,97329001
0,83500988 0,51327886 0,87355343
0,89765306 0,70210471 0,99283734
0,08732698 0,19789918 0,21254515
0,44876847 0,55184858 0,87353213
0,57203535 0,57111756 0,66015304
0,09287996 0,24460323 0,28903274
0,83898596 0,57582975 0,96293226
0,75153516 0,90215210 0,99861581
0,15738680 0,97233718 0,98180942
0,17374173 0,46151725 0,57425573
0,85242495 0,01590297 0,85342943
0,05684574 0,75529213 0,76896708
0,78646262 0,26856611 0,93901522
0,71096256 0,25290667 0,92734669
0,20885914 0,14176038 0,26506746
0,49108178 0,24744529 0,64225816
0,85820220 0,95424679 0,95917232
0,64190110 0,05847089 0,69131673
0,98076602 0,07811025 0,98283659
0,65427416 0,28017290 0,78060647
0,35376090 0,69757081 0,70581659
0,04798816 0,29172282 0,33170528
0,16768958 0,43146874 0,55913313
0,79939281 0,89052384 0,96997660
0,84704457 0,47772615 0,85069770
0,59703662 0,65849435 0,78961595
0,36270491 0,48096965 0,56076772
0,20365425 0,34792194 0,40486383
0,02463693 0,25379201 0,27499550
0,44519291 0,41992394 0,58542567
0,02365836 0,09569194 0,11659271
0,55054171 0,80019531 0,91331723
0,42175422 0,34628107 0,72910612
0,58958818 0,77042758 0,80446216
0,84927459 0,12249296 0,95078803
0,75939686 0,69833129 0,92372703
0,75371308 0,86174311 0,88514711
0,95278676 0,45525667 0,98932680
0,72994872 0,30962444 0,94761782
0,91135674 0,98051728 0,99811151
0,73899956 0,23400763 0,84718478
0,86391816 0,55009758 0,90957697
0,05651826 0,24644749 0,25461785
0,72607262 0,09075447 0,75716545
0,67037822 0,29255771 0,96072398
0,07891863 0,96676907 0,99606208
0,82753607 0,30835182 0,91785810
0,44306259 0,34580772 0,76991070
0,19458234 0,19919074 0,24169593
0,05359615 0,73442606 0,78020966
0,99654215 0,19852338 0,99773930
0,95471301 0,94648157 0,98164807
0,80897717 0,11853659 0,84750963
0,84827318 0,43477871 0,85013933
0,84555857 0,37449398 0,85411668
0,62485814 0,05518926 0,67448589
0,47519074 0,60616672 0,64438654
0,80154956 0,34268818 0,83708846
0,85950853 0,43744495 0,88651721
0,40753188 0,83150727 0,83269639
0,48505702 0,40994311 0,51611942
0,96326738 0,84010164 0,97956717
0,60848705 0,44602669 0,72072874
0,65489878 0,13088578 0,75057937
0,29331892 0,68591872 0,83167287
0,22304870 0,53164081 0,59103884
0,52078728 0,09399446 0,59781462
0,37153606 0,72891070 0,80239893
0,45438955 0,52951604 0,73113171
0,11081615 0,19425972 0,23617954
0,14931305 0,76224997 0,83332010
0,63415257 0,43449029 0,97001257
0,06707179 0,21587403 0,27851890
0,37949501 0,24123915 0,47362586
0,59748498 0,62091748 0,90173927
0,45149397 0,30006591 0,54994199
0,24148816 0,63016820 0,69922265
0,70763544 0,77238626 0,91725472
0,17797357 0,21587226 0,31536522
0,48859848 0,32542254 0,56678585
0,05657384 0,04937159 0,06017745
0,18098122 0,51766060 0,51779453
0,12857008 0,32667799 0,36551091
0,82273073 0,58390165 0,98161670
0,27433820 0,71134019 0,79354655
0,62705182 0,06054769 0,64336196
0,30423143 0,32917906 0,52330785
0,23523572 0,57579562 0,78729830
0,71870066 0,47526869 0,74068639
0,38559247 0,65035438 0,98638445
0,20281312 0,83603266 0,85459771
0,47421893 0,83342910 0,96959676
0,71205947 0,33947745 0,73899231
0,70028703 0,67920085 0,87187161
0,46422991 0,02225475 0,47075420
0,44737282 0,36590975 0,63345531
0,29185213 0,63815570 0,78015266
0,61341656 0,50983590 0,91084106
0,10876059 0,77039262 0,79343398
0,42243334 0,43875667 0,81515483
0,10221952 0,38809951 0,43642506
0,03518639 0,79450412 0,80257019
0,24994058 0,59122653 0,74177788
0,02466537 0,43459242 0,45311533
0,87248550 0,49964738 0,87871243
0,54323275 0,72294436 0,89488940
0,83096125 0,19094144 0,99544694
0,12643861 0,13581000 0,15014489
0,25451669 0,40293067 0,53318592
0,44535994 0,77920126 0,90447254
0,09072286 0,56449881 0,56502900
0,62337088 0,70860338 0,92519456
0,49512800 0,07121956 0,51216030
0,70984728 0,57228259 0,82985738
0,96666357 0,59747835 0,96754469
0,58467866 0,94997669 0,97451274
0,96755139 0,44755994 0,97528556
0,53270474 0,13479690 0,55366725
0,48621405 0,35494733 0,62961095
0,35228978 0,98532338 0,99118332
0,97758666 0,89906001 0,98617001
0,57004480 0,75655780 0,77090856
0,38720333 0,52595544 0,79404582
0,84393641 0,57389374 0,97532997
0,49540464 0,53510002 0,53716134
0,21627743 0,93674216 0,95090114
0,73976889 0,87604139 0,89125524
0,58986115 0,49294528 0,73012189
0,54307507 0,03140232 0,56194839
0,75512411 0,39854182 0,92489100
0,21829952 0,03767703 0,24463639
0,90093276 0,12859708 0,92708121
0,89074241 0,00131315 0,89187219
0,75048552 0,31434926 0,90918320
0,89166697 0,53986310 0,96042608
0,02788210 0,40238639 0,40653034
0,48097512 0,94881128 0,94990925
0,67798726 0,93736980 0,97841229
0,96347816 0,64313093 0,97050887
0,22703338 0,50725134 0,54582907
0,61116463 0,42467326 0,82628603
0,52556632 0,72715406 0,83504886
0,80130716 0,30499224 0,83563184
0,29731919 0,61514087 0,90574303
0,35795282 0,18788870 0,53714551
0,91275054 0,79189616 0,94146770
0,84484188 0,45341928 0,89126557
0,39653228 0,75067944 0,76959967
0,02551746 0,94883287 0,97013405
0,19332228 0,04944487 0,23853375
0,57760745 0,69222575 0,88370262
0,78168121 0,40129057 0,97084576
0,54114703 0,63886862 0,99334321
0,01484625 0,93182608 0,93494436
0,68540475 0,60225868 0,92362908
0,54898063 0,15390967 0,63350168
0,70688805 0,11296329 0,75048780
0,91108131 0,72467671 0,95810382
0,80682912 0,93610032 0,95708014
0,47342146 0,71189352 0,78367729
0,04514936 0,74757004 0,75506928
0,69958387 0,74334207 0,94851563
0,90721061 0,23151761 0,94183476
0,66602990 0,05296000 0,71836571
0,64899951 0,54543757 0,80533674
0,74685104 0,50148946 0,99621276
0,27704411 0,69018702 0,88609585
0,97883873 0,23996854 0,98895760
0,96449465 0,10217657 0,99340552
0,54713947 0,82594349 0,85747491
0,46945394 0,58326029 0,71618103
0,89325782 0,49107782 0,90949591
0,79272637 0,12632392 0,90192057
0,53863565 0,51304876 0,94694694
0,14846405 0,95412664 0,99055107
0,02694551 0,55429472 0,56510142
0,00338032 0,13531153 0,13702417
0,65194222 0,60721853 0,78772374
0,82082187 0,99126574 0,99589718
0,38744599 0,21365392 0,51670534
0,49944761 0,47415940 0,66890269
0,75088402 0,71142849 0,82928462
0,76884994 0,14037450 0,78550916
0,08777225 0,88024486 0,90495446
0,86433337 0,92187704 0,94896531
0,88442642 0,91226685 0,99323051
0,19027624 0,81499055 0,94767253
0,41977801 0,69102966 0,84513186
0,85795734 0,86247184 0,86695811
0,12103801 0,91875345 0,93009549
0,58322111 0,44862340 0,80942478
0,95557638 0,35187089 0,98251971
0,50754414 0,30312607 0,68875568
0,68311815 0,87449197 0,99992630
0,79049412 0,60894428 0,94756882
0,71542662 0,11841596 0,75757730
0,96165118 0,92151922 0,98190458
0,13914960 0,00682109 0,14389272
0,83708229 0,96587376 0,99816134
0,40242490 0,80946091 0,91929395
0,54258504 0,81743617 0,85578742
0,54502505 0,82448198 0,90005165
0,75818606 0,07044630 0,78846215
0,25999880 0,59214270 0,79369850
0,54270725 0,73071498 0,81822361
0,65353559 0,96692088 0,99543150
0,02238748 0,16011917 0,18024871
0,25761922 0,46678605 0,54857959
0,26423352 0,16825373 0,41297928
0,63229819 0,04369739 0,64085097
0,90551029 0,55873255 0,99157812
0,05330770 0,91145757 0,92344260
0,59998062 0,15720814 0,60992490
0,14543860 0,88157035 0,96795217
0,26545931 0,68561673 0,87397826
0,51843111 0,02225581 0,52090467
0,09411765 0,20967716 0,27104431
0,16313450 0,51968493 0,53403835
0,60680203 0,22838136 0,67013881
0,54093964 0,70509306 0,80644843
0,90732973 0,54608699 0,99398089
0,46566340 0,05988623 0,48798842
0,10608285 0,66771046 0,71789662
0,34761824 0,03820118 0,35461724
0,43990320 0,68014819 0,73285199
0,50488882 0,08953583 0,50758111
0,39483633 0,07002670 0,39804406
0,70408557 0,83181999 0,90189580
0,53909397 0,11767502 0,59533347
0,07615673 0,84830973 0,88102438
0,36699239 0,88517655 0,88836148
0,06318859 0,66250365 0,71592113
0,23374112 0,16471964 0,25603945
0,13736411 0,60830761 0,73450663
0,09084356 0,40132782 0,45574165
0,03810533 0,25420690 0,29014573
0,79944057 0,67738797 0,86845354
0,08950002 0,87840444 0,92154246
0,06297008 0,51805963 0,57692663
0,47588179 0,01678943 0,47643409
0,66169386 0,01636882 0,67215577
0,90424866 0,02912794 0,90720768
0,54249592 0,60116410 0,92622893
0,90029357 0,83480361 0,94688253
0,19230011 0,49362050 0,66058232
0,64928334 0,76344586 0,87423330
0,54877509 0,37896826 0,88345781
0,17983670 0,82540707 0,91785789
0,84585947 0,21682491 0,87982756
0,22066889 0,53169946 0,71748639
0,29408391 0,13002349 0,34642753
0,95731603 0,75396791 0,96088319
0,31860896 0,44913158 0,61157631
0,44432938 0,50552104 0,77363374
0,35512214 0,79579880 0,82565471
0,65191378 0,10940783 0,69847505
0,49091233 0,40737937 0,89754788
0,15482689 0,08592406 0,18730829
0,76310157 0,12955390 0,85448019
0,71278508 0,49855389 0,79730117
0,83757787 0,82139703 0,91756567
0,39973643 0,12485741 0,46714631
0,41192810 0,56385615 0,96984467
0,26514086 0,01974697 0,27697357
0,75677903 0,57014788 0,81362047
0,55169088 0,08736567 0,58936883
0,74745912 0,14424560 0,88964938
0,34544313 0,62068116 0,66468742
0,87870485 0,29739822 0,90485293
0,83770885 0,27309922 0,95944013
0,60804530 0,63534027 0,68344498
0,57175133 0,13392517 0,60747986
0,86916818 0,09025283 0,87315236
0,61670790 0,95127017 0,96438951
0,33754177 0,75821396 0,86722793
0,33842268 0,71580306 0,91170596
0,54125172 0,07831535 0,56181064
0,65114390 0,84225046 0,89882832
0,88670063 0,46416714 0,96971303
0,46128335 0,79028853 0,97690122
0,22967320 0,17939489 0,26943487
0,62750706 0,80186120 0,93633260
0,55733351 0,19005091 0,65829946
0,63005177 0,31929317 0,81123761
0,36790264 0,17959459 0,38209403
0,28294369 0,83100321 0,98442636
0,32585865 0,17409300 0,39608475
0,04920873 0,28420609 0,33295801
0,03716635 0,89128244 0,90439114
0,69156227 0,64363048 0,83183974
0,30882455 0,13871396 0,33323896
0,26667367 0,67076847 0,87124817
0,92932350 0,28185713 0,97498129
0,55402098 0,98016981 0,99571920
0,90272799 0,96811045 0,97666828
0,40156043 0,00034345 0,40178098
0,68220321 0,20938790 0,82641709
0,71778335 0,65134159 0,79146560
0,44392126 0,42342180 0,51741253
0,78794935 0,54536820 0,99846681
0,90634105 0,73811953 0,97395491
0,63296756 0,93893788 0,95651412
0,89162962 0,44708542 0,90548985
0,45102743 0,80525148 0,96310218
0,42615610 0,93749907 0,96658200
0,02000391 0,46546596 0,48478051
0,03807723 0,21052471 0,23953080
0,82511172 0,60120696 0,95870749
0,30646037 0,59279381 0,73917836
0,69035404 0,97366682 0,98883144
0,09444538 0,75560350 0,76873315
0,70998544 0,27448851 0,83250013
0,12679521 0,37353505 0,45234933
0,22033502 0,62976958 0,80865369
0,18986435 0,87031894 0,87539156
0,64264030 0,94222087 0,95648381
0,70143936 0,71793591 0,88696644
0,03062954 0,48094458 0,51027521
0,35286615 0,72299454 0,90193063
0,63593261 0,57849517 0,82956604
0,02203632 0,99709481 0,99743615
0,37035346 0,55776939 0,56561683
0,92070246 0,75677380 0,99485962
0,60382488 0,84562559 0,84671410
0,62263926 0,42221176 0,69121081
0,74459053 0,81662337 0,86736454
0,04165792 0,41750416 0,41947383
0,75479850 0,10144024 0,77604615
0,83357369 0,65120736 0,88313407
0,45809307 0,66477816 0,89802998
0,99896658 0,45313985 0,99975073
0,79068729 0,85320493 0,89396063
0,50086973 0,13804898 0,63738862
0,17538704 0,20255322 0,26445181
0,49216469 0,78158118 0,96431619
0,89759570 0,11725667 0,94231274
0,70211700 0,94875273 0,94894349
0,71880808 0,55225637 0,75117818
0,76269035 0,27640745 0,90003872
0,25872972 0,67564862 0,68081486
0,78744728 0,04244376 0,82579886
0,74103525 0,72273199 0,92878508
0,54526701 0,26624914 0,59940018
0,15588212 0,09708600 0,18750160
0,71595101 0,88402157 0,92807467
0,41747720 0,38118997 0,71771685
0,26508412 0,08358399 0,34473563
0,65697846 0,60915836 0,71819726
0,14318591 0,71689090 0,80876316
0,90640530 0,67059067 0,92177250
0,68301474 0,63253154 0,94613400
0,41150336 0,47235047 0,77300643
0,04453684 0,87988309 0,90553830
0,02101721 0,82121285 0,83933128
0,31708715 0,67275870 0,91583284
0,19379184 0,41354055 0,56814878
0,83203857 0,20190654 0,84101745
0,34765284 0,75913251 0,92676084
0,43815295 0,33789862 0,69967244
0,54608336 0,92767119 0,99090351
0,93887331 0,75102945 0,98744886
0,92817472 0,21219266 0,98242576
0,25117193 0,32192400 0,36961943
0,17890108 0,85100465 0,98817711
0,70610818 0,05161150 0,73657734
0,60206306 0,95564529 0,96040627
0,03075955 0,17570508 0,19317228
0,68573258 0,54785129 0,70399385
0,11033739 0,31376558 0,35559336
0,17506491 0,82499873 0,84164178
0,48061990 0,25852165 0,48577155
0,62215263 0,33488575 0,76719522
0,41874727 0,24384474 0,60321891
0,74627647 0,95270462 0,96081929
0,43121365 0,08558725 0,51075778
0,08644200 0,39314277 0,45786790
0,24972253 0,62281325 0,84702283
0,78432600 0,35817086 0,85903382
0,17848686 0,10268312 0,27245564
0,61942128 0,38751042 0,72497332
0,75246445 0,05127523 0,78430812
0,89586426 0,53718788 0,90311641
0,29871301 0,30278845 0,51544814
0,51563207 0,32701576 0,70633116
0,69819314 0,06559793 0,72563648
0,67585820 0,05720780 0,71664412
0,65047744 0,57713217 0,75068904
0,50616209 0,85642405 0,95658178
0,19835695 0,22898102 0,37136965
0,56922292 0,36901693 0,84224983
0,49455977 0,26438130 0,75572943
0,23532511 0,17064904 0,24981730
0,53187480 0,79448740 0,88147521
0,30711587 0,09319407 0,32377838
0,22594660 0,02671905 0,24881282
0,00907031 0,08819918 0,09217598
0,17378773 0,12396455 0,28563857
0,20875625 0,93134865 0,94067521
0,11943286 0,94035586 0,96412174
0,94240995 0,50836036 0,95031585
0,57179803 0,22745072 0,58683613
0,46092173 0,08748390 0,53001282
0,74124768 0,54055473 0,77842124
0,87631813 0,50904270 0,88447376
0,51502596 0,56207251 0,99739093
0,40231375 0,66393213 0,87320805
0,27386603 0,50754209 0,55052513
0,27146778 0,71819561 0,85462121
0,08091512 0,59760641 0,65566907
0,84877157 0,91916104 0,96244085
0,93964513 0,71971385 0,96358540
0,71683666 0,31142147 0,94894079
0,13156972 0,61778941 0,65408837
0,59785416 0,54135073 0,99723437
0,99115018 0,53433564 0,99418563
0,71562760 0,05189539 0,76404680
0,15990824 0,78212852 0,78217169
0,44759874 0,20199331 0,53470431
0,36201112 0,38347549 0,64443684
0,02911208 0,19592457 0,21573338
0,95886938 0,62237337 0,96612252
0,35430280 0,60786857 0,90282661
0,04187875 0,09419563 0,10985439
0,07092027 0,83845768 0,88570625
0,10350805 0,89097924 0,96970580
0,73796664 0,06760029 0,78272507
0,55252443 0,75707013 0,86064249
0,64996482 0,36758112 0,84457700
0,59617080 0,01580293 0,60734322
0,42157151 0,23059956 0,47109420
0,55935500 0,47588304 0,90775055
0,75959984 0,13551554 0,80639461
0,22904108 0,34593717 0,50164787
0,26165826 0,14155343 0,38739329
0,65359062 0,93390173 0,99002956
0,10378027 0,23585258 0,31455617
0,26619689 0,89800375 0,94736100
0,19270997 0,08271788 0,27196099
0,68507971 0,40840866 0,91911369
0,63790105 0,40274851 0,87732831
0,93892496 0,43038955 0,96761277
0,16663141 0,84912681 0,85983936
0,71420218 0,65521373 0,76029989
0,58266000 0,51751784 0,66436999
0,98338618 0,38482359 0,98998103
0,32115706 0,11842894 0,43045305
0,68353832 0,96865925 0,99419919
0,14370132 0,02154641 0,14922653
0,02883024 0,54035741 0,56499714
0,65730848 0,43741768 0,80264100
0,28595732 0,70016746 0,96607589
0,53796207 0,69167043 0,98083486
0,06740728 0,12422494 0,14221799
0,54606115 0,05141902 0,55015764
0,22550616 0,58967065 0,60554746
0,88955658 0,73514426 0,96524385
0,50322727 0,61722255 0,91973959
0,51816940 0,35055525 0,63924791
0,13095611 0,42930224 0,48665593
0,11369928 0,00604601 0,11418002
0,38866823 0,57816335 0,59751528
0,01863790 0,09850303 0,10465662
0,78909030 0,83751670 0,91290687
0,05657915 0,33344736 0,36010934
0,41003730 0,49262466 0,74349582
0,12861647 0,84471672 0,90057736
0,11579300 0,27434518 0,27757488
0,90226409 0,48389950 0,90896051
0,98253880 0,92562076 0,98987693
0,67253450 0,00018844 0,67259009
0,37772722 0,87478242 0,99953023
0,19462687 0,15676485 0,28216499
0,45610612 0,12599791 0,46509252
0,63708017 0,97966909 0,99900447
0,61586418 0,21734014 0,82879809
0,75294892 0,63064983 0,97850838
0,91900525 0,69226224 0,98441366
0,43116889 0,57987473 0,85736914
0,00435463 0,77859069 0,77969764
0,28427181 0,24267078 0,45299251
0,41521941 0,96521515 0,98099359
0,21233409 0,37355575 0,44196417
0,00420854 0,55206411 0,55494578
0,61373065 0,78951204 0,98773525
0,56447594 0,46218515 0,65445122
0,29501295 0,35340660 0,49359289
0,64097638 0,13115068 0,67061142
0,16601765 0,19021140 0,28112485
0,59037819 0,91080900 0,93091603
0,53998842 0,35764621 0,73655611
0,04910133 0,47070001 0,47737102
0,63678795 0,34533453 0,64715257
0,62245633 0,27722913 0,71652001
0,60178820 0,95070022 0,99740702
0,58283926 0,55079710 0,79749547
0,69223427 0,06567734 0,73040931
0,84205331 0,61423824 0,98666313
0,98213016 0,41776826 0,99332588
0,29461867 0,26873452 0,55394996
0,02822043 0,22586072 0,23890392
0,58981266 0,57931616 0,99615938
0,00254289 0,36116067 0,36217585
0,42644032 0,08148898 0,45558521
0,20727852 0,92415955 0,92482510
0,94413777 0,09066833 0,95390578
0,06807921 0,05914071 0,08682153
0,74839234 0,21104994 0,87360517
0,37243799 0,39963398 0,71569788
0,51534251 0,80128878 0,91909147
0,94657921 0,26460992 0,95799419
0,11058342 0,60873651 0,61650231
0,21126946 0,77110764 0,84333525
0,27931548 0,87673498 0,90336813
0,23422890 0,48132595 0,69317548
0,45077297 0,35217834 0,52149458
0,41168951 0,31976413 0,65540949
0,19737146 0,96171601 0,97636968
0,71819925 0,95944354 0,97391992
0,71970404 0,71992498 0,94620448
0,31298756 0,03810939 0,32611717
0,13556520 0,21375923 0,22488890
0,98093962 0,70002085 0,99551560
0,74962094 0,85368738 0,93578698
0,51119936 0,51277458 0,52123261
0,20709419 0,86913500 0,96154496
0,31823863 0,64973545 0,81771991
0,99868070 0,67700443 0,99971675
0,82736582 0,89711019 0,94112350
0,11551868 0,98688299 0,99268526
0,86445462 0,00240480 0,86653296
0,35494318 0,59166601 0,94334299
0,29038052 0,76174889 0,94159843
0,37437905 0,79119756 0,85239766
0,73335660 0,10300896 0,74470164
0,77835210 0,41951375 0,85257803
0,62304211 0,98729130 0,99719634
0,42039137 0,40059382 0,76727931
0,99180641 0,87276351 0,99644645
0,49759520 0,09727910 0,58782173
0,15059334 0,58299521 0,69637727
0,62275479 0,69419028 0,87128938
0,38605088 0,94039315 0,96665290
0,76095853 0,76590796 0,86996280
0,07544127 0,37882539 0,43716405
0,02020469 0,62110751 0,63668929
0,93668263 0,77510761 0,95397532
0,76626661 0,12335965 0,87709057
0,67991813 0,94544778 0,97991639
0,29029809 0,40839689 0,52327874
0,80836679 0,07088317 0,81636494
0,36472626 0,23115753 0,51715460
0,23085572 0,84772837 0,91620198
0,97201862 0,86607731 0,98608150
0,24422021 0,42950452 0,64598305
0,44696916 0,38000736 0,78513891
0,16541092 0,43202367 0,57593365
0,32314072 0,32477158 0,52033882
0,83226863 0,03142348 0,84167177
0,57681391 0,12858846 0,63931103
0,53699333 0,78602605 0,80922318
0,39789321 0,67209874 0,74654948
0,94269643 0,46884251 0,94646256
0,43924598 0,23216231 0,52789761
0,69331073 0,29215418 0,92706998
0,97831521 0,47839226 0,98922567
0,83964260 0,24453243 0,89102366
0,01383925 0,87393166 0,88338697
0,74546143 0,32145473 0,82480997
0,88429786 0,32047832 0,95508452
0,73008576 0,61274560 0,92303969
0,07332073 0,40212248 0,44292854
0,56766742 0,08470908 0,56783106
0,92265747 0,12416224 0,92757122
0,86489975 0,45518709 0,99227980
0,63920535 0,65955073 0,68733487
0,84165551 0,47091394 0,97397778
0,31468715 0,65173541 0,79948991
0,75345110 0,74535804 0,82201767
0,40240540 0,96997377 0,98334249
0,02785843 0,86053277 0,88173458
0,86448538 0,16022920 0,91198707
0,59314775 0,85868717 0,87804813
0,83644483 0,91681667 0,98397263
0,10752137 0,40189052 0,44115318
0,39696183 0,74930566 0,95701347
0,14913841 0,53371734 0,63866746
0,79438576 0,21490157 0,79901756
0,49546374 0,08381091 0,53841732
0,10477202 0,00459030 0,10784421
0,54690038 0,68121670 0,76843074
0,78780096 0,23459822 0,80133478
0,67265991 0,12607267 0,79565554
0,39753402 0,22291471 0,42513175
0,76174305 0,47343420 0,80500976
0,89710264 0,09035220 0,94341084
0,83096721 0,74148650 0,90396338
0,64453231 0,78035192 0,84420278
0,00429315 0,22482208 0,22906412
0,35726417 0,65183680 0,94474000
0,15924245 0,19937263 0,30975742
0,84371483 0,07209129 0,87682556
0,70981706 0,49839850 0,71246554
0,30144851 0,37601344 0,50158027
0,33075360 0,33994389 0,53852108
0,73514158 0,91511309 0,98246813
0,44177430 0,63852560 0,71428605
0,92728305 0,49217462 0,94193062
0,27620627 0,25257685 0,44730846
0,20614383 0,36028816 0,38920047
0,71628587 0,54122985 0,77084513
0,47649757 0,79958241 0,80446320
0,44486947 0,73817972 0,84419108
0,00830536 0,50994103 0,51324889
0,54423938 0,92729270 0,92988745
0,88836836 0,15860468 0,89055439
0,46819843 0,42684224 0,81780368
0,82297846 0,18007954 0,98659379
0,37154309 0,68119151 0,88400805
0,80088825 0,67129000 0,88491848
0,44601720 0,01667936 0,44757177
0,57239843 0,08340792 0,64083808
0,07557860 0,96057223 0,98088494
0,73080875 0,55611168 0,81764004
0,97473696 0,03825749 0,99484011
0,57756281 0,63990420 0,88900849
0,74719255 0,76628646 0,77349928
0,76467702 0,82415021 0,86926328
0,53025061 0,83121768 0,94154086
0,71189253 0,54615729 0,85224660
0,15260544 0,49212803 0,56657537
0,93771724 0,06027219 0,97438190
0,90505812 0,04568808 0,94520673
0,09129375 0,85282252 0,89696634
0,02840572 0,64625433 0,66864293
0,66588205 0,90290357 0,97763435
0,07984096 0,95080291 0,97219531
0,07659109 0,51146910 0,52648346
0,71533543 0,45288093 0,71833212
0,12862687 0,19978325 0,30072730
0,18411842 0,14612356 0,18918785
0,44340391 0,15775661 0,46007309
0,08286390 0,40318798 0,45589155
0,37593567 0,29462293 0,63006414
0,06878215 0,92898224 0,94107160
0,49738976 0,29729191 0,65518672
